40132091
40801382
40513991
40073226
41488568
41488431
41253010
41252778
41212223
41208627
41160984
41147544
41077843
40630024
39836509
41411984
41175387
41035435
41016520
40884264
40785319
40233220
40132089
41488011
41597328
41441936
41488708
41411262
41385122
41348243
41328956
41369671
41320236
41137571
41111175
41067570
41005610
40993912
40986049
40981503
40922458
40856685
40629561
39774276
39698801
41310557
41470103
41427448
41247447
41242874
41240241
41334308
41232020
41231423
41222196
41212961
41212959
41138289
41072214
41016259
40936031
40768427
40762451
40258779
39938918
41303780
41303765
41138021
41226888
41120701
41118005
41189261
41156010
41099592
41065737
41005617
40882695
40866781
40808215
40761516
40755901
40747622
40583187
40582688
41022958
41153364
41059234
41024775
41010803
40910581
41010702
40985801
40923612
40529104
40520475
40456396
40875071
40875067
40859367
40943747
40446871
40345843
40832557
40802143
40764097
40858243
40583201
40240685
40706041
40705354
40806799
40699110
40554673
40666275
31751092
41189774
41189771
40630907
40626437
40626435
40626433
40626430
40626429
40597090
40596945
40586201
40586186
40277277
40243077
40243075
40243052
40228740
40195540
40146322
40097631
39648366
40580225
40630944
40539632
40534811
40395134
40474170
40534684
40468035
40459640
40455349
40488477
40487179
40252785
40228578
40023354
39988435
40546526
40427084
40385105
40350508
40357455
40227070
34424645
40319215
41767940
40423617
40340679
40340672
40272309
40156710
40088395
40054831
40049492
39956631
39904016
39539159
39529319
40269767
40265998
40237849
40058739
40370915
40029252
40189884
40698114
40208893
40116407
40099613
40015314
40007091
39935895
39883041
39841871
39827234
39665995
39559954
38900717
40157723
40148665
40102797
40085326
39800237
40075873
40100211
40095727
40032266
40029248
39680566
39617116
39455420
39215849
38706148
40224291
40000195
39964616
39960629
39928056
39828103
39681236
39622486
39602353
38970233
39890769
39941444
39798635
39830041
39779526
39812204
39748383
39883547
41159468
39931019
39913949
39681212
39648040
39297498
39257083
39163460
39090846
39047195
32965942
29262160
39917458
39840211
39702781
40007675
39638582
39556946
39959596
39656259
39526300
38963322
38908553
38513713
39767411
39607156
39600613
39550403
39218556
39537985
39531332
39513430
39509277
39499132
39560631
39504051
39530978
39246198
39140888
38994706
38956931
38888803
38884654
38687167
38289746
39478495
39463181
39651500
39448666
39443505
39434060
39444422
39451590
39936068
39936067
39470468
39429567
39365247
39110318
38935041
38875184
38677927
39342257
39465030
39316192
39435192
39302502
39272734
39309596
39254239
39032624
38830532
38759151
38759150
38747449
38710236
38609652
38573840
37661651
39208371
39188672
39167613
39106436
39188874
39109737
38977133
38945319
38897147
38502352
38310973
37983864
39917039
39083227
39211657
39026900
39025900
39012335
39070790
38992130
41699806
39464751
39023444
38978828
38813739
38767551
38700950
38700496
38697616
38632934
38623696
38537067
38465837
38391266
38130115
38951161
38950099
38853628
38806096
38855010
38888287
38409307
38158889
37938377
38772872
37344124
38766341
38800368
38583820
38698363
38848056
38826919
38727695
38648433
38608970
38557918
38289027
38288954
37983313
38659026
39609966
38428773
38389251
38035410
38016022
38015419
37851565
36745704
38528481
38525385
38499839
38498219
38558790
38466760
38381615
38345049
38292881
38211780
37997553
37875701
37858944
37847112
37699556
37672103
37543736
38414033
38366000
38363414
38342827
38296321
38654993
38376862
38317793
38271415
38232738
38176513
37882774
37733982
37506367
37259477
37140143
38292854
38337384
38267904
38234306
38256126
38206955
38223815
38173952
38289609
39569790
39569780
38742501
38654990
38633569
38317046
38131580
38131579
38131577
37816249
37774800
37369766
37227009
37139606
38203537
38051575
38073672
38137894
37910298
37861937
37546376
37280353
38162570
38162561
37985976
38026898
38020126
37906698
37951953
37919690
37937759
37937755
37930667
37926879
37748681
37683964
37625627
37625152
37600931
37532250
37478962
37470861
37436552
37113031
37101407
37074409
36729643
36727878
39492434
35544929
37805417
37805413
37850947
37683969
37669421
37565471
37395906
37389763
37343287
37306832
37170404
37085363
36944752
36918626
36882909
37743491
37823889
37736107
37720204
37745064
37739426
37738058
37675907
37653457
37602610
37602609
37454921
37352980
37335854
37195564
37192673
37077155
37043004
36881260
36881003
37671401
37578174
37271309
37157013
37144469
37101410
37067693
37059888
36774646
36707973
36690333
36539601
37495952
37435912
37460958
37859806
37469861
37097193
36844364
36587174
36173242
37409272
37367742
37312088
37264578
37348513
37348512
37142238
36977127
36931367
36812937
36779807
36745847
36736417
36730364
36728310
36685713
36682518
36127423
34670748
37374247
37293308
37261071
37208674
37214154
37250642
37846374
37203051
37203050
37203044
37203022
37191620
37163284
36803118
36700933
36581190
36418804
35188092
35130082
37180532
37189443
37072730
37069944
37484615
37164397
37164391
36549953
36542255
36481131
36455071
36255611
36197498
36138270
35989142
35713165
35590103
36973341
36911223
36911220
36794626
36729083
36714019
36261493
35588392
37007267
36811882
36786745
36747519
36584907
36458595
36375756
36156043
36153307
35811357
35588393
36707782
36627585
36441906
37379104
37144364
36588252
36588212
36240047
36062606
35996343
35773078
34877926
34730026
34657832
34533388
36506343
36476303
36343165
36343164
36334941
36066843
36059083
35908994
35790570
35786809
35622219
35384774
36498668
36452031
36399464
36422083
36350908
36475196
36417675
36173395
36167218
35786024
36290247
36267955
36220656
36233740
36225244
36239965
36506602
36214347
36190036
36190035
36170222
36107842
35439770
35383648
35333826
35044972
36181279
36203753
36187250
36094381
36094374
36048013
35849757
35753851
35749931
35634710
35535408
35450449
35381894
35343267
35313746
34743099
34620767
33785509
36078972
35815427
35985744
35978428
35959602
35929885
35946998
35918948
35918946
35830582
35752596
35532880
34609048
36147277
35909462
35887874
35643198
35971499
35859778
35808816
35802557
35801804
35858194
35779056
35525070
35513208
35439768
35385372
35384782
35354347
35333808
34294638
35836944
35751042
35757019
35950026
35711971
35757796
35721228
35702687
35929237
35721090
35686711
35686709
35446358
35385757
35385756
35367416
35149635
34991971
34533277
34362662
34267061
36029513
35692541
35612343
35601182
35601161
35585526
35585098
35524196
35774330
35536708
35502028
35502012
35316534
35306228
35149632
34989955
34845598
34821524
34433777
34058903
34053332
35510272
35517867
35431539
35391514
39170804
35760583
35412047
35320858
35244626
35147774
34898348
34882268
34874483
34837507
34767125
34743098
34727264
34653352
33859086
35407560
35407393
35340750
35360745
35255102
35275008
35275005
35198797
35112032
34864798
34592870
34031997
35265368
35284412
35026943
35207362
35144351
35224204
35140457
35113959
35179757
35166086
35024776
34969574
34889859
34435926
34288636
34174043
33752567
33733442
35140987
35160126
35160037
35044339
35075374
35054085
35001701
34996516
35128189
34980018
36287163
35801890
35801878
34965224
34937221
34937213
34861212
34843024
34785203
34719971
34670218
34448966
34237318
34237317
34116536
34091554
33420518
32703026
35011421
34964368
34952566
34926215
34898463
34914559
34914558
34914554
34914551
34867019
34826981
34826978
34793829
34704192
34488256
34074991
33935236
33550893
33514906
34848420
34592226
34901466
34901464
34959293
34840821
32644867
34815661
34917434
34777857
34756139
34675148
34384340
34363049
34247284
34228966
34039182
34015954
33892046
33770171
33719638
33607693
33414527
34711207
34765816
33656958
34934686
34661479
34644043
34481408
34181061
34148154
34032979
33929804
33769766
32892163
34698306
34677503
35005517
34524144
34522101
34513086
34565473
34506244
34506235
34424226
34424223
34195474
34174743
34050067
34048801
34001713
33876334
33580896
33326173
33183087
33092399
32962415
32686514
34465309
34501248
34501218
34425775
34431899
34413627
34408387
34424287
40547853
34532424
34388077
34388074
34388071
34190718
34181997
34117699
34009489
33885984
33769765
33383093
33196151
33196146
34394862
34394858
34362077
34345164
34301233
34326631
34362023
34349648
34282383
34307400
34262252
34277654
34239300
34106486
34097874
34086008
34055085
33966013
33895368
33631984
33567035
33298778
33156077
33135484
33079921
32744058
32715752
34263132
34250443
34188439
34207081
34203646
34163129
34135568
34059330
34011736
33961088
33895029
33873207
33858272
33846032
33252568
32930519
33986586
34044691
33744258
33667681
33590372
33443628
33196569
33079917
32498548
34321817
34967830
34854915
34550310
34542574
34529024
34328498
34313710
34003975
34003974
34003973
33857213
33832048
33617389
34507494
34137523
34038664
34038661
33852555
33843117
33689909
33667017
33618905
33600810
33573798
33548255
33483901
33340508
33044374
32883647
37181107
33807473
33806928
33765359
33747806
33727638
34100403
34038299
33901064
33603892
33543874
33497690
33389422
33384166
33227242
32914586
33708786
33563336
33546364
33577693
33577692
33463563
33395116
33058750
32947394
33575037
33534235
33492849
33814816
33469480
33442228
34669331
33432994
33394926
33316263
33264161
33214416
33210975
33181627
33171194
33148465
33079919
33031216
32902932
32896387
32856196
32845463
32818448
32800613
32725404
32678352
32538202
31707858
33369925
33376299
32987082
33323709
33323708
33323707
33295997
33279597
33229669
33229652
33229651
33229650
33229645
33006120
32972759
32947403
32932374
32925655
32910331
32858580
32826646
32796273
32794082
32740004
32715365
32641797
33147249
33177802
33170280
33170279
33149067
33120693
33017120
32651628
32443014
32051139
31505958
33214946
33078105
33049990
33000763
32846150
32667842
32607947
32556637
32535751
32488590
32482959
32209301
33061271
32982479
32953244
32901829
32702180
32566797
32525050
32361861
32304430
32282356
31425353
32854460
32825314
32884233
32879776
32864059
32785729
32756792
32703392
32565111
32355111
32304431
32774904
32855871
32789082
32775800
32587185
32296993
32282434
30943777
30857417
32832232
32637419
32566511
32566501
32557558
32555309
32551125
32532321
32537477
32504216
32539132
32589855
32512211
32461455
32428961
32274444
32171767
32067338
31735063
31720752
32481438
32481392
32821501
32443319
32396639
32358271
32204037
32064920
32031315
31945333
31725701
31654497
32298314
31909581
32264842
32685782
32685777
32577050
32330985
32304540
32274042
32271294
32271293
32271291
32267958
32267957
32131123
31915972
31900647
31532699
32510009
32186674
32309123
32161770
32210510
32159824
32142499
32050206
31896290
31764287
31755807
31678559
31599780
31567631
31560871
31513045
31425352
31301105
31870956
32109983
35098062
32174735
32148942
32095204
32126042
32032432
32032431
31845564
31619359
31574051
31490278
31369463
31860073
31941474
33463211
33063982
33063979
33063976
32504479
32366077
32050235
32018247
31964268
31917853
31917851
31884496
31856532
31836491
31651430
31577628
31571089
31567558
31490276
31487097
31440935
31356422
31920417
31920322
35187460
31850179
31890719
31842794
31874503
31824132
31860972
31833250
31438806
31273313
31060894
30964230
31741859
31814727
31737431
31806928
31773665
31710374
31706520
31549886
31453822
31411927
31335524
31222533
31170327
30887593
30593737
35187452
31614850
31902993
31673223
31610006
31610005
31605471
31605317
31598524
31596665
31564364
31546517
31437439
31401338
31335530
31161710
30808595
30681524
30656511
31619902
31662893
31533809
35021320
31572660
31515418
31528759
31363996
31278588
31184498
31144475
30938102
30892952
30421316
30255714
31300155
31543667
35187435
31393985
31272775
31272773
31180339
31169612
31107761
31107284
31033692
30690906
30413377
31308406
31360724
32104471
31262478
31216215
31170104
31170100
31080047
31041523
31033693
31026242
31012258
31003798
30858022
30770866
30770865
30520129
30109755
29931571
31211003
31251279
31172016
31250289
31185103
31185100
31146939
31146937
31109479
30962070
30949880
30928252
30920597
30920589
30906900
30882540
30882538
30815621
30499232
30284383
29948500
29736691
30971499
31133582
31143527
30826578
30879417
31118557
31391683
31099830
31096492
31059583
31042790
30793800
30610230
29675563
29594793
29564806
31098325
30947752
31073520
31040638
31384160
31334396
31114658
30999334
30984983
30977329
30904286
30900595
30733107
30681515
30599204
30562517
29871966
29582259
30872596
30866862
31014449
30984419
30899841
30855098
30855096
30726402
30705998
30690421
30601287
30529566
29993484
29429144
30906586
30809492
30809476
30997402
30742225
30679128
30421526
30365412
30362837
30239154
29862655
29855152
30662839
33405862
30756083
30601930
31714520
31691656
31449434
31215545
31198900
31114118
31112970
30574883
30448005
30403263
30360937
30300828
30250236
30196728
29610222
29333909
29308960
30587181
30526794
30526789
30643657
30555966
30540368
30314751
30211742
30157054
30118656
30012019
29923863
29673063
29185116
29170974
29116549
29019068
28187472
30419866
30428099
30428097
30228014
30161054
30157048
30021467
29985795
29912042
29777678
28945648
30360558
30410923
30402279
30891522
30632324
30347076
30340722
30296330
30067537
29910023
28852910
28683485
30337966
30271113
30213993
30615727
30505118
30199567
30197951
30127148
29993202
29987530
29952798
29863545
29739628
29566537
29468296
29406330
28244932
27749500
30121073
30140651
30121849
30159325
30119784
30115299
30089189
30089187
30089186
30073363
30037699
29847492
29746325
29666915
29623463
29122823
28646439
30104874
30083656
30151277
30123383
30123379
30020979
30016942
29709617
30029257
30025077
30055691
30001446
29995127
29941747
29846207
29771749
29757852
29729256
29576618
29564931
29538101
29451741
29083509
28470657
29895115
29967694
30041742
29988906
29988871
29903589
29889297
29889294
29778454
29601364
29525838
29453698
28620706
28424993
29799859
29891154
29891152
29753555
29738594
29738593
29738584
29738582
29685772
29439091
29319598
29318768
29300266
29675392
29621306
29942176
29778107
29634842
29561496
29476249
29433743
29407158
29319597
29300262
29203068
29095506
29043533
29657977
29523106
29499665
29703291
29703286
29610026
29605283
29564410
29522233
29522228
29522227
29283924
29215396
29176450
29171504
29160595
28935121
29526339
29490342
29424292
29392322
29111996
29030187
28655729
28035498
29375990
29398901
29321650
29364259
30328941
29804113
29796439
29771883
29365149
29346493
29339637
29315446
29315445
29315442
29219951
29192682
29128534
29111836
28963702
28876968
28777385
28759945
27093581
29284455
29282020
29259913
29270469
29242903
29227513
29086187
29032110
28938381
28922329
28919243
28837529
28755306
29183298
29381972
29223236
29117410
29110439
29067107
28910157
28872519
28864070
28837530
28691944
28644240
27910295
29123375
29118708
29042747
28970517
29589460
29120712
29120711
28991336
28991335
28985813
28984766
28938922
28935449
28749894
28655538
28644681
28551428
28532974
28336222
29354720
28902914
28926888
29142546
29017670
28913504
28905822
28905820
28880336
28802685
28778569
28704317
28590790
28557655
28552439
28495149
28057642
28055060
27892757
27171133
29081866
28924444
28860694
28917412
28917411
28828480
28787525
28787522
28787515
28763562
28741161
28603017
28540578
28457614
28205348
28932338
28932337
28747621
28761323
28730109
29279651
29060143
28892949
28823446
28823441
28823440
28791057
28700779
28681909
28594649
28590282
28486315
28486312
28358253
27899371
27654998
28721004
28644862
28732613
28626821
28592658
28586502
28576226
28477073
28476054
28341606
28283279
28160249
27781383
27729309
28546941
28546926
28009397
27445064
28811794
28811773
28602332
28573997
28486719
28430701
28379654
28257382
28230557
27678078
27171132
26925536
29745580
28503442
28450791
28435217
28936055
28532937
28532926
28513489
28457313
28407172
28407170
28407169
28335944
28318708
28215504
28192838
28159112
28138772
27914659
27893524
27613085
27221267
28611646
28591281
28410729
28410728
28297026
28270007
28264134
28264133
28264131
28264130
28129292
28106466
28079590
28061402
27918357
27775234
27668869
27420106
28235421
28299302
28428679
28366375
28196224
28192592
28060061
28060060
28060059
28060058
27838594
27221268
27097560
28149672
28144144
27702506
29560364
29464114
29403662
29387501
29319677
28980568
28951783
28691035
28546688
28337057
28197339
28114577
28068449
28068447
28031696
27815790
27749450
27583797
27249007
27012841
28007116
27930793
27930789
27926752
27765574
27755188
27741014
27741013
27725199
27519149
27216990
27990355
27956294
27898982
27772645
27538196
27429089
27310886
27213687
27159267
27125863
27040458
27710923
27839604
27732724
27729752
27722758
27722754
27722753
27584715
27452505
26882478
27757009
27695286
27597655
27882004
27602074
27362877
27267629
26888977
26766395
26659714
27588260
27502494
26833233
29715413
27598733
27505314
27101748
27055493
26704375
27382596
28478473
27648049
27531114
27492112
27492108
27492105
27492104
27409461
27400078
27400077
27191671
27152484
27138638
27124776
27093101
27093100
27084001
27027921
26215873
27458610
27315291
27304605
27304600
27304598
27055212
27032020
27027920
26944278
26952586
27199574
27157003
27547022
27463630
27463624
27463623
27456563
27255259
27255251
27163622
27163618
27027668
26989958
26949133
26896122
26730652
26658714
26126201
26126127
25959108
25941959
27096139
27224070
27124315
27113884
27099467
27099464
27070227
27046119
26845317
26807905
26433126
26236938
27041991
26973847
27213796
27063543
27063542
27063541
27063528
27027629
26995077
26968733
26832733
26751992
26751990
26751988
26421680
26318608
27293413
26909354
26949660
26874165
26868750
26856432
26655487
26655483
26619384
26614391
26612415
26606293
26601974
26555591
26324416
24644053
32263374
28635737
28635735
28397423
28242885
28127465
28121296
28018671
27981908
27900926
27770837
27689082
27689081
27597895
27547758
27239334
27220229
26957859
26957852
26885378
26835994
26812719
26812716
26812714
26812713
26812712
26562763
26509768
26509764
26483144
26218558
26140309
25760913
25392046
26678902
26670827
26653730
26542679
26345527
26314662
26307513
25990098
25708282
25649258
26665102
26693470
26650390
26703505
26703503
26382901
26382892
26356752
26356750
26315704
26312777
26189651
26044373
25980780
25839343
25794329
26499330
26703292
26622089
26465887
26322421
26266436
26266434
26253458
26252742
26252741
26226468
26149969
26142059
26117756
26605237
26263245
26305369
26605368
26930843
26845871
26693653
26603408
26381468
26352567
26325412
26325411
26325407
26166675
26165788
26160699
26114820
26093276
26077628
26049155
25970434
26296087
26309866
26432132
26187889
26187888
26075457
26075452
26072024
26057328
26008626
25746152
25402571
26194634
26489126
26287881
26287880
26230765
26211030
26180483
26180475
26180474
26105541
26104589
26058024
25996423
25850703
25841317
26415316
26201362
26189401
26189400
26059667
26047045
26046710
26046705
26046704
25918965
25887295
25853948
25853446
25842104
25811728
25811721
25795914
24980419
25985208
26622139
26622134
26622133
25953473
25953470
25922227
25789695
25784110
25768385
25703475
25651497
25638310
25596620
25025990
24979260
25938065
25704532
26425312
25949080
25863855
25840310
25840308
25837511
25830534
25738235
25710507
25435381
24240878
25803325
25834386
25945526
25870865
25804584
25804580
25751841
25695420
25682565
25648281
25599340
25546828
25503903
25474235
25461261
25070527
25070292
25044509
24373539
24118846
25802831
25763117
25709915
25802821
25709385
25856866
25735044
25661137
25576808
25542349
25514703
25488945
25475237
25468492
25397786
25397781
25389134
25363654
25138761
25134461
25634979
25616392
25625115
26858842
26697135
26509077
26491663
26378758
26366293
26221538
26078898
26068612
26064737
26005557
26005547
25949993
25945339
25878894
25874116
25866692
25709267
25699261
25687209
25686063
25629044
25599547
25599541
25545947
25532666
25532664
25532662
25532633
25488652
25488640
25455548
25454676
25379872
25379871
25363069
25277300
25272085
24601827
24571684
25455772
25506204
25468892
25640231
25491834
25465683
25459466
25437486
25437485
25437484
25437483
25172670
25171564
25109930
25025647
25538907
25473264
25473258
25158220
25395849
26107982
25715551
25469392
25442903
25408955
25375847
25375843
25365552
25365551
25343263
25320958
25320957
25320956
25320955
25320954
25262564
25211359
25104740
25015216
25015213
24628999
25352122
25349796
25494378
25291756
25291752
25275897
25263041
25176050
25176049
25170581
25060851
25060847
25034113
24993320
24928133
26011972
25533559
25533553
25250420
25135549
25135535
25135534
25055145
25014154
25014151
25014143
24878307
24147938
23902524
25162621
25120349
25325898
25088634
25063407
25022733
24937167
24929203
24788010
24788005
24711659
24205928
25052995
25114495
25007895
25306735
25000866
24999102
24983827
24957429
24892379
24892378
24878254
24874297
24816208
24807066
24807064
24788019
24788014
24576886
23941330
24917136
24908420
25004773
26011965
24972407
24972403
24940760
24857443
24857442
24857441
24857433
24788604
24768762
24767795
24767794
24751145
24708090
24699560
24625376
24582997
24355444
23879803
23859485
24677109
24893359
24877005
24766510
24679451
24630796
24622298
24619171
24513095
24474377
24242218
24812488
24667860
24790876
24790859
24667859
24644056
24847258
24651553
24722697
24713424
24741289
25076470
24702582
24702581
24702579
24702578
24568723
24508079
24457455
24393351
24368629
24051202
24519426
24508795
24791566
24457453
24452218
24452209
24321474
24257538
24211861
24030533
23692299
23571261
24634883
24763478
24763473
24513358
24445720
24342889
24322797
24288393
24183340
24106128
23848196
23619500
24498254
24398095
24265319
25597238
25485145
25302296
25295278
25276786
25276451
25276417
25215226
25197657
25197559
25050368
25013757
24762606
24751584
24669149
24355744
24355726
24240489
24200235
24162747
24136568
24013030
23932484
23656608
23356663
24961090
24404606
24307631
24286850
24266260
24168788
24071810
23978264
23953101
26107152
24349884
24172067
24113461
23972311
23952843
23933527
23787458
23787452
23614387
23506012
24298221
24278090
24146544
24497860
24433691
24433690
24170589
23974893
23974880
23739323
26107036
24391374
24016346
23911067
23807006
23770979
23760423
23483510
23483496
23179311
24956085
23920369
23847309
23925334
23925333
23925332
23925331
23925330
23925329
23925328
23925327
23925326
23925316
23889880
23889879
23889865
23889864
23844860
23796621
23796620
23790531
23790530
23790529
23711873
23706927
23664859
23640611
23619290
23583165
23145528
23821200
23778880
23878503
23847727
23820234
23820225
23760422
23736897
23703462
23680760
23673430
23665650
23665526
23594770
23594766
23582990
23538626
23449485
23407323
23263221
23803176
23785497
23858964
23769778
23739828
23586374
23572132
23538618
23466867
23718849
23599326
23929075
23659231
23623018
23608570
23608564
23499066
23487460
23376126
23355529
23337554
23290750
23132450
23086357
23023410
23629772
23583044
23583042
23522585
23521905
23521904
23402595
23385632
22895045
23463021
23385796
24404663
23662337
23515869
23506922
23496655
23446013
23414201
23406488
23394735
23394734
23394733
23258309
23146935
23086376
22892583
23361513
23322569
23294178
23714037
23488160
23419300
23408187
23380417
23380407
23374574
23374573
23299484
23187160
23180236
23172117
23099299
23086375
23022890
23015020
22929160
22868628
22820606
22729432
22580432
23046664
23794955
26107862
24601176
24371522
24204144
24143069
24109889
24027961
23984411
23936826
23901251
23882746
23867297
23836954
23691390
23690011
23440024
23382866
23349690
23311743
23311742
23311741
23221887
23051909
23022158
22547128
23258670
23231740
23225837
23195271
23195270
23010775
22981526
22959362
23447899
23447898
23347375
23347374
23347373
23347372
23347371
23347370
23347369
23347368
23347367
23347365
23053334
23041260
22868444
23062001
23034295
22999628
22999627
22978296
22960648
22942165
22940781
22858060
22795849
22710492
23185178
23163266
22947293
22947285
22906467
22906447
22898341
22683058
22673851
22633357
22871840
22883842
22814049
22785060
22785058
22668580
22569736
22492552
22736617
22833877
22767165
22727312
22569472
22569470
22569468
22531433
22467939
22236781
22661479
22692526
22692521
22624908
22624904
22624899
22577763
22526004
22413749
22378115
22378112
22029948
22592343
22516151
22443804
22425362
22406005
22357381
22314818
22314815
22265143
20456255
22427580
22427568
24600611
22496015
22472250
22365579
22342006
22189856
22760800
22435096
22420024
22373029
22335811
22316648
22265425
22261324
22182750
22081152
21992713
21786270
21574162
22222507
22350551
22322165
22313434
22264953
22104644
22081155
22072594
21930257
22159012
23424759
23421077
23252029
23152658
23152657
23109832
23056269
22991650
22900147
22888210
22792444
22762039
22605919
22570545
22553753
22403490
22362237
22362227
22347790
22344471
22292112
22288005
22275813
22267456
22153823
22020986
21993470
21861976
21786268
22139351
22136690
22136675
22117743
22108117
22108109
22107942
22074467
22001813
21993465
21955632
21865199
21853961
21718406
21106042
22064989
22039252
22025568
21926565
21873026
21794846
21986001
21795286
21763309
21751766
21732526
21726844
21715003
22183995
22165094
21909873
21899241
21858523
21464703
21724915
21847678
21782091
21494876
21389853
21108164
20935304
20693553
21467175
23960934
21700105
21529763
21507377
21210571
21688763
21508101
21498616
21656435
21656433
21357598
21310802
21282989
21243976
21162472
21162471
21617595
21417379
21117539
20954581
20053427
21496288
21335557
21420595
21420594
21383580
20679077
21475609
21721263
21402996
21275608
21188957
21045662
20873705
20717931
21366205
21448301
21448300
21399770
21399769
21399768
21055804
20861724
20861723
23074417
22254130
22163032
22039707
21850225
21837270
21670914
21572736
21331687
21183111
21183110
20881444
20861721
20832263
20594419
20584709
20934499
21416705
21111320
21111314
21102196
20828807
20813743
20795586
20631237
20166621
20958193
20954679
20888486
20888485
20870126
20870120
20870119
20863921
20622670
20481415
20463316
20376458
21091008
20839768
20602296
20438025
20376462
19928694
20673048
20656182
20539221
20508511
20438026
20335618
20335615
20207972
19666925
20611020
20534933
20489623
20489599
19772221
20458230
20355704
20447971
20128533
20362860
20164744
20164740
20138607
20006338
20398104
19432845
20163079
20136421
20023590
20023583
21516868
21516866
21110504
21052551
20543933
20543932
20447101
19643975
20000284
19850346
19781685
19423431
19853404
19731884
19755493
23960861
20404993
19835329
19835328
19822840
19576630
19772262
19772259
19772258
19772257
19772256
19772255
19772254
19772252
19750424
19715585
19686668
19714796
19714792
19574920
19820784
19193140
19421050
19421048
19306005
19411973
19200532
19151396
19431928
19060268
19426404
19266469
19253251
19237783
19167087
18836172
18604541
18604540
18547280
21234222
20361644
19697846
19569610
19515306
19503764
19338608
19122475
19092408
19037813
19668440
19169512
18658091
18672225
18639928
18811123
18811122
18811121
18811120
18811119
18811118
18811117
18811116
18632768
18515574
18670782
18537929
18520510
18498973
17661057
18362667
18192489
18076983
18293264
18234997
18055575
17955247
19105589
18727861
18236379
18177550
18055797
17846959
17720054
17760642
17667633
17652721
17586362
17568202
17598583
17525659
17460258
17457184
17457183
17289206
17325144
17321404
17988518
17623552
17364730
17269250
17269248
17269246
17189797
16973666
17133053
16932057
16713624
16900036
16900027
16952090
16765803
16670486
16638993
16565005
16526821
17162862
15882086
16105614
15603804
15912463
15721706
15469247
15370365
15220736
15017101
15004504
14701957
14510802
14522301
12719068
12557025
11973389
11867580
11728344
11006510